  -37.45   -19.16     20.8
  -37.36   -21.31    19.84
  -37.34   -21.66    19.61
  -37.58   -21.61    19.61
  -37.32   -22.18    19.37
  -37.56   -22.16    19.37
   -37.8   -22.03    19.37
  -37.54   -22.53    19.13
  -37.78   -22.39    19.13
   -37.3   -22.59    19.13
-37.4943 -19.1974  20.8815
 -37.389 -21.3534  19.9253
-37.3674 -21.7067  19.6941
-37.6124 -21.6546  19.6934
 -37.345 -22.2323  19.4515
-37.5893  -22.211  19.4508
-37.8346 -22.0787  19.4502
-37.5698 -22.5878  19.2059
-37.8154 -22.4453  19.2054
 -37.325 -22.6495  19.2064