-4248.09
-4249.33
-4246.69
-4248.34
-4245.57
-3900.53
-3949.13
-4244.25
-3893.39
-3997.32
-4045.18
-4245.59
-3700.27
-3727.98
-3651.83
-3793.87
-3972.16
-3694.84
-3973.15
-3277.25
-3099.65
-3138.14
-3249.81
-4241.72
-4243.55
-3145.64
-2998.33
-2848.29
-2998.72
-3100.16
-3218.45
-3622.38
-3756.75
 -3164.6
-2871.36
-2597.88
-2598.38
-2573.63
-2948.47
-4062.79
-3911.15
-2944.09
 -2545.2
   -2347
-2192.86
-2077.61
-2447.69
-2921.49
-3119.16
 -3441.7
-2105.35
-2096.47
-1756.95
-1917.39
-1897.33
-1747.51
-2107.62
-3941.38
-4242.61
-2943.16
 -2564.2
-1944.78
-1745.55
 -1476.6
-1321.73
-1346.98
-1647.12
-1372.12
-1777.33
-2122.23
-2196.48
-2934.61
-3442.15
-1146.35
-1121.61
-1146.65
-1122.05
-2244.34
-1869.84
-1335.83
-1070.98
-846.334
-846.387
-1096.78
-1371.76
-1171.82
-946.792
-1297.07
-1821.97
-1846.57
-2105.89
-1121.03
-796.405
-696.428
 -1016.5
-1171.62
-896.625
-896.489
-3042.21
-2608.44
-1844.53
-1725.23
-1145.91
 -1021.1
-596.415
-896.327
-1046.38
-796.509
-946.395
-1296.64
-1366.56
 -1446.6
-1486.27
-1845.92
-2570.12
-3343.53
-1295.72
-1046.02
-645.917
 -766.27
-746.463
-616.501
-946.323
-1146.57
-996.464
-1146.62
-4239.56
-3640.46
-2293.96
-1934.48
-1545.35
-1045.68
-670.891
-596.094
-586.193
-646.159
-796.352
-1046.25
-946.236
-996.313
-1775.84
 -1145.6
-845.512
-595.649
-565.906
-550.825
-576.256
-696.015
-745.958
-871.162
-1015.96
-3266.44
-2857.53
-2473.64
-2019.19
-1369.63
-994.977
-820.193
-695.479
-575.739
-505.821
-495.956
-545.971
-595.906
-731.039
-870.977
-1145.78
-1495.74
-2145.29
-2994.02
-3372.56
-3771.13
-4016.21
-944.848
-794.976
-735.456
-590.497
 -590.58
-485.685
-645.833
-743.691
-845.768
-995.729
-1694.11
-1194.69
-994.874
-845.116
-760.424
 -775.64
-555.609
 -745.54
-845.753
-1035.62
-1195.68
-1295.49
-1595.26
-1094.95
-995.208
-970.402
  -920.3
-720.434
-795.563
-1045.64
-4040.08
 -3691.4
 -2902.5
-2143.88
-1744.21
-1244.82
-1144.96
-1120.18
-945.303
-945.171
-920.359
-1120.27
-1345.11
-1645.01
-1744.35
-2493.81
-3017.74
-3391.75
-2193.91
-1843.96
-1494.77
 -1319.8
-1370.01
-1525.04
-1674.91
 -1994.6
-3691.11
-3317.28
-2867.78
 -2193.8
-1844.13
-1594.52
 -1894.8
-1794.73
-1924.79
-1994.52
-2244.04
-2792.99
-3212.31
 -3491.2
-3640.79
-4240.14
-2143.71
   -1834
-2269.46
 -2269.6
-2144.21
-2244.43
-4240.13
-3232.21
 -2667.9
-2093.53
-2569.03
-2394.22
-2543.69
-2812.93
-3041.85
-3391.74
-3715.85
-3112.19
-2792.88
-3043.42
-2918.64
-2768.58
-2913.25
-3182.51
-3251.15
-3770.92
-4039.91
-3243.17
-3133.03
-4240.51
-3941.29
-3742.35
-3622.68
-3412.89
-3411.67
-3725.42
-4004.97
-4240.09
-4001.53
-4241.33
-3942.12
-3841.56
-3890.91
-4039.91
-4241.48
 -4241.7
-4241.44
-4241.34
-4241.31